(1)145118123(1)|(1)175163188241207(1)|(1)172191229(1)156183161158132186(1)154127157138103(1)165101119240(1)195178231(1)215113219230(1)108140120217234(1)246152224164226(1)166167111235(1)196218130159242(1)131104129133105243(1)202146136135124181232150197(1)189117200198180143(1)201237187248199(1)177128211173225114(1)209236171222182(1)149148214(1)|(1)147233142184110(1)210107112176190(1)223106206249(1)126160238(1)174192204(1)151220122134(1)194228212115155(1)205179169193239(1)203185213141153(1)|(1)227244162245(1)139168125208(1)137216121250(1)221170102144(1)116247109(1)
(3)226125213182173(3)188160113178201(3)179230142216241(3)104200205170150181175(3)124198231225209110(3)202140103134164133243131(3)149(3)189236101146187157(3)237184147234126(3)171139240232143(3)121203132169(3)249123148(3)222218195223196(3)128245185119242151(3)155207224172193(3)247233221154138(3)248112180145(3)194163199227(3)192215239208(3)109141120(3)211111228214117(3)197135177244220(3)116102107167(3)137144190156217(3)212250136246161186(3)153130183129(3)191162122(3)114229210(3)105219235(3)152166115174(3)|(3)158206(3)204108106127(3)|(3)238118(3)|(3)165159176(3)|(3)168(3)
(2)186154248(2)156105190121(2)206205165(2)152244222207176(2)114226202157136(2)208153137124237(2)228150234240(2)171185197193130218119(2)155131167191182145(2)149163235(2)170142123175(2)232115108166217187(2)140184183(2)243249239189199238(2)|(2)146117224(2)213211110178138173104(2)172192120247177(2)|(2)219200151106(2)132195204181246144(2)128139116161101(2)230141250109(2)214134225236(2)209198212242107216(2)223129102158(2)245127194162(2)|(2)188241126125(2)133111169229135(2)227196168(2)148118201(2)143147220210160(2)|(2)159215164(2)103174233179(2)203113221122180112(2)231(2)
(1)122189126192127(1)240187221108(1)134180181131234145(1)115132248(1)207227136178121186(1)153167109(1)135128151162237208(1)171123211220(1)249184185143(1)113144206241(1)243165244196110148(1)150114139166130209(1)124203205218182236198(1)|(1)101228200222177(1)201104225102133(1)219213188(1)173247152154(1)106238(1)118140(1)197142232242(1)146179111175(1)155120157119(1)216138169125176(1)246159229(1)212112105183(1)191190215(1)|(1)231149107(1)156214161116235(1)|(1)223245230250137217(1)160202147195(1)117174199103158(1)168163233(1)|(1)210141170172(1)193224204(1)164129194226(1)239(1)
(2)163196102225186(2)206133205115(2)187219118(2)|(2)202201122151125(2)134211224233(2)212248198155(2)101121164209207152(2)227142114178(2)128161229231246250(2)117120154166(2)220170232140130131(2)230162(2)129110132222176199(2)141221153(2)204247194208(2)171156107217(2)104150234249106(2)135138148173203(2)180108127228146145182(2)185111137243244(2)213126124165183223147(2)143197215192181(2)240136139(2)195214157235(2)226179105177(2)144236200242(2)149(2)|(2)193245174116237(2)167238(2)210216184(2)160239103158189(2)188123(2)|(2)190113218241168(2)159109(2)|(2)169119175(2)172191112(2)
(2)198202132180111(2)246148110103189231(2)194182177233(2)227168156(2)|(2)166126221107(2)|(2)208243105241(2)121127167197218(2)150207141185122(2)138174157214210161(2)152245222224203(2)101238137(2)136206211(2)213143235240(2)175250102(2)113164144236247178(2)242239114115195(2)249163230133(2)125172146215(2)212165147140232(2)200188173(2)|(2)219220196131(2)201135129199171151170130223(2)118153228(2)229120(2)145176112123244(2)216149181142(2)204193186158128(2)192109183184(2)225108234(2)154179(2)119191217(2)124226162187139237(2)248134(2)205209117104106160155(2)|(2)169116(2)159190(2)
(3)155210126230211(3)165204142192119(3)152175159(3)225185236160246243(3)166178191214(3)117174183173136(3)140122196208121(3)220212144216(3)194153137223(3)193151145247201227(3)222238229(3)120179(3)|(3)129109114209244(3)237177108198215158(3)248232239(3)171123241170172228207(3)|(3)141213199205169115(3)203219135195138(3)107162161231182(3)240156149(3)130180200167134(3)233176(3)118250189(3)104103139116221(3)245163106235133181(3)|(3)111143112125190(3)132168131147(3)249101105242110218(3)102127164157(3)|(3)146224217113184(3)206197(3)202128124226150186(3)148154234(3)188187(3)
(1)137223163149(1)154188211(1)152202130237218235(1)164181153192(1)145174217208155197209249(1)177204216104180(1)126201190214185212(1)119229225(1)150179222124136(1)183239131244231(1)198128148186184(1)199176141189(1)116146105219(1)144101107129(1)213171247205162(1)143123(1)196161114236243(1)112113102172193245246(1)|(1)240110206(1)|(1)135151173227160(1)127178125(1)233147250120165(1)168182166(1)187175106115(1)228238156203(1)111210230226(1)109158242(1)121195122103(1)200118241139(1)194191(1)108132232169170167(1)|(1)207138134215157(1)140142221220(1)234133117224(1)|(1)159(1)248(1)
(3)210134128214(3)101227155113108(3)133217196235199167138(3)228175106110(3)184116111(3)121159(3)247219183(3)147126135192168(3)212102114(3)153132225(3)208162223226250(3)234197193181166(3)109129169163(3)224209146186218(3)171179124229(3)230239242150115249131(3)220145160232107(3)204216198246202178(3)222215200(3)148112191(3)123143117130(3)180104156211161140201(3)157245221182(3)|(3)236118213(3)185137152154125(3)127190189136120(3)207119151195241243(3)103165142144158173(3)|(3)122188172(3)206231187(3)|(3)244203177233139(3)237240194(3)|(3)164238205174170(3)248105(3)176141(3)149(3)
(3)108137205248(3)226194109201(3)173234199130214144(3)106116150208143(3)236245115237101135(3)|(3)156216111207104(3)131140217154129(3)|(3)146168212147(3)158124126133177145(3)159182232241186(3)103195229167128(3)|(3)110227107242228172(3)117197(3)246196215121164138(3)120190202235243(3)152231179(3)123240244185(3)184219176165(3)127174183187(3)160113249213239157(3)151222230200(3)112221238161209(3)|(3)134141170155(3)224122142(3)210206(3)198204203139169(3)181148102136(3)233149163(3)171193153223220(3)114118192247(3)132250125105(3)191162218(3)175166119189(3)188211180(3)178225(3)
(1)108122150208153(1)103227158232160(1)193162201182(1)241173177224233141(1)248124125186(1)109206147(1)|(1)131217167143110181247215(1)152145174111(1)228127159209(1)168195(1)|(1)171104218236172(1)205235115120250(1)112220142242117(1)184130192169(1)234198197116165(1)179149(1)202140203243196138146144(1)|(1)129134161166155(1)113229238199(1)190219210(1)151133154213(1)185102106194(1)221164183212(1)178239163126230128(1)207225176(1)231187105119(1)107245200123136(1)222137118(1)191157139(1)216148223(1)|(1)226246170180240(1)244156188214(1)135189114237101204(1)211121132249175(1)
(3)182119106112134(3)101171232190117(3)|(3)113140239244162(3)132191163(3)227166176110145(3)199173214230139160(3)131169143228137109(3)165234216135201211(3)141168(3)184175210150(3)241204164197154(3)215149155(3)203233111133(3)249198187188172(3)222180246185116225(3)161193142179237(3)102192(3)|(3)221159(3)209238146156(3)152242115217250(3)178235208194(3)207247202195223196181(3)245219231212(3)147224186218118(3)148229114170243(3)|(3)240206(3)138151236183167177(3)158153104108(3)136123130107105(3)|(3)103144129226127(3)189174205213128200(3)157126120(3)122121124125(3)220248(3)
(3)165129138181197126(3)239186153250212(3)240139168(3)190107213164(3)118215207(3)154120162218(3)171133222147233199208(3)102195143(3)219247115179(3)124183119225(3)|(3)192158174(3)159184198209(3)|(3)151157242156161160(3)178105152187103146(3)194236127(3)214142235145245(3)136210155206(3)211217246135112116108223(3)101220106232237(3)234132141(3)231149203(3)|(3)122180230(3)244229113150(3)128110144243109204(3)121238249173(3)111137221(3)125167177200201(3)175166196130114185(3)189131202104170172(3)148176(3)228226117191(3)227193241248(3)|(3)140163169216224(3)188123(3)134182205(3)
(2)148177197196243(2)102105135246116(2)192219240(2)220211209169242(2)193152133150112(2)110139128181191(2)124245238134(2)127157205212(2)113188144160(2)185222115155172137(2)117233180153(2)218184194140(2)170237226(2)|(2)167207108101103171186(2)204178230244(2)158175165141146(2)182125131138156(2)|(2)161111163122199(2)|(2)224208203201132106(2)241189225118(2)213123195232(2)198130174234147(2)151145176231(2)121142164202183(2)114215136223107(2)162154166(2)221190143173104(2)|(2)126214168(2)159129235(2)187200206(2)236248217(2)120227(2)228250109179249(2)119149(2)247210229239216(2)
(1)183238141(1)173211131186(1)242152120232(1)248128216(1)|(1)182190241134(1)187111163207197125(1)|(1)188239115106243(1)166233151157201(1)224137209102142(1)|(1)228175245250164(1)206189176(1)138127103196105167(1)119148223117(1)208249185172222174(1)114144191(1)193139107192(1)154108181145244(1)178179168(1)234161156235203(1)|(1)226162143246200(1)132236217202184205(1)213180227177214126(1)195194(1)170146159130(1)135158136198212(1)247204219(1)113116169150(1)221121147109(1)165220210104122(1)215237118(1)110155124101153218(1)112133149199(1)140230240123(1)229231171129(1)225160(1)
(2)225111179(2)|(2)235140161127202(2)|(2)196249218145110204(2)124181190199128104175(2)|(2)166246238236(2)122214191208(2)250223185198230226(2)209105228101(2)169248213(2)136222205160159(2)245152125168(2)131187233180150144(2)176115139243231(2)102114217109203(2)194171162(2)154201126182197(2)240133172193(2)184188117(2)183219120138(2)174195186224(2)212135210116(2)216158103192151(2)113106189215142(2)148234123(2)|(2)247200229137163(2)242220121130132(2)227170107119(2)241232134153112147(2)118157(2)239164146244167(2)206108(2)165129149177(2)178237211141143(2)173155207156221(2)
(3)249242101182138178202(3)109217149(3)108190234134(3)201161197122164220(3)171117127198185163(3)|(3)141243162228115(3)196211113203235(3)110121120183(3)168148(3)213114128186236(3)189131223146233137139(3)112247172207240239(3)169192179250(3)209175225167199230(3)246245176177200153(3)160219244166(3)188156126218(3)133124106152229(3)143125173154140(3)157104147158151(3)|(3)181227116238(3)129232150212(3)118215214(3)206119(3)111248(3)107145224205208174(3)195187136(3)|(3)210103155142241194(3)|(3)165216204184(3)132221144237130180(3)222226193123(3)231191135(3)170102105(3)159(3)
(2)232171115157107(2)244198108178111(2)119144237151207103(2)135106209190173146233(2)134250124148(2)212217113145137(2)129205247193104216155(2)165179218153126(2)|(2)235162210142(2)154159(2)118183(2)206127(2)240166204(2)194177143200(2)245172136187117147(2)|(2)168161116167(2)214188213138110(2)180192164(2)236102181131156(2)202123226133242(2)201185150140158211(2)196199184(2)125230243176223220(2)239109231203(2)241112114182149(2)229132101222208130228(2)215227163246174(2)221105(2)121139197169(2)|(2)248224175(2)249120234170(2)225238(2)219141122128(2)|(2)186152160189195(2)191(2)
(3)135214230242234235(3)218175153209172(3)121127123(3)236105180250(3)201186113161114245143115243(3)213224154111(3)|(3)191249116(3)199215165(3)185130152170169140(3)118233(3)248211(3)101231208103227138(3)|(3)119178108106155(3)163244166131(3)212187110(3)217107126142220(3)124133174219(3)206128(3)134158141203(3)|(3)198182109129132(3)179177147207145192(3)151120222117(3)173223239150(3)137159122(3)156184196164232237(3)|(3)205139171181176202144(3)194241240210(3)167195228204190(3)168148(3)112216136197183157(3)125104162229(3)188(3)226247189160221(3)200149246146(3)102193225(3)238(3)
(3)202117153172(3)|(3)139137220199(3)103104241222147186208218177146(3)155112190134115(3)|(3)205164191133101(3)|(3)165182243246200228193(3)232185240217223151(3)106110201224225160(3)187170125109161140(3)116171184244198(3)119124236128(3)180141203219(3)230107162207169(3)178176212(3)108136120211235(3)192181248156(3)168237150129(3)216163127144(3)210123247250(3)152242142130221(3)188143126(3)213131234215(3)166159154(3)105233229(3)209227114145(3)194214121189(3)|(3)195122158(3)102197157173(3)135111175245239(3)148204138(3)249183179231(3)226113118(3)167132196238(3)174206(3)149(3)
(1)124155178133208109103(1)192250108(1)101131132171196229(1)238239218158(1)125244161136249(1)|(1)164233120203(1)222130139175104217(1)189182212209126(1)121117172112(1)137185183234(1)190150224169(1)114145191197(1)213228102107179(1)173184146147128135205232(1)240236156154(1)119207227123(1)194116(1)186152241242163127201(1)187247204199235(1)220206(1)160115219243170(1)105188138(1)148193166(1)225231142111(1)149110210246165(1)167195221237(1)|(1)118168(1)181140230198106129202(1)153143211(1)215157141(1)245134174177122214(1)|(1)162200144176(1)|(1)216180151(1)159113223(1)248226(1)
(2)246190206214138(2)225195235(2)|(2)149128210146(2)176158107244(2)|(2)212166169135113130(2)202121187150116(2)186180122159(2)208182201170224102(2)203184189175(2)134160215205(2)141219217(2)191106192142(2)249153127241112199131(2)193220233198207171(2)136101120103200228245(2)143125204230(2)156237111129229(2)248115152(2)213108227140173164(2)105119145222177(2)167188123(2)|(2)196194144242(2)234238124(2)133109148(2)183118178243(2)211181232185240163(2)218226104223239250(2)151157236216(2)|(2)247126162147231(2)110174209168(2)197165139117172(2)132154179161(2)155137114221(2)
(1)147133139171175202(1)|(1)121224212183(1)154189135145123(1)|(1)200195112115247(1)231180209227(1)245238237204199(1)144185107106110141(1)240159(1)174149146186(1)178179235203(1)243249119156104205124(1)142172(1)162165219136128(1)103177167232187153(1)173192101216211(1)|(1)190241164226239129(1)250234131157(1)|(1)246181193196210151(1)155222127161130230(1)108201163117242233(1)143102184(1)214207182113221166(1)109244217137(1)122215194(1)220228236(1)170206(1)223125229134(1)126105188(1)176248(1)118132140138213(1)198225148169(1)116191160(1)120208152158(1)111114218168(1)150197(1)
(1)140109175103173(1)165172118214(1)198142135227194(1)226160144148(1)219110177121(1)236199139123(1)122133150213170201(1)183127205230228240(1)117152241132232182112131217(1)164124159202(1)102155147239184(1)211107168(1)207193130245223250(1)186162191181(1)212220114208(1)|(1)216145221136169(1)247138195(1)105210185(1)225174119(1)235108(1)128248189(1)244111125203(1)242104166197116(1)224137249238(1)243209143176188(1)115178157113(1)179246233156163237(1)153167149(1)180161126106229(1)|(1)154190187141(1)196192234129151(1)215171158120(1)|(1)101222231204(1)|(1)134200218146(1)206(1)
(2)129108248243(2)245211240183124(2)125131179234(2)214174241107225104205(2)|(2)120153198(2)231216106111(2)|(2)121175141(2)191203(2)143117118(2)168114110165237(2)177134238(2)103209221167144249207(2)113187115212122171(2)142185126(2)201140147164105244(2)169242213(2)235161152239150(2)232101154236(2)119228186195116(2)123218182160250(2)137217133178151(2)138223158(2)|(2)135136246192196188(2)208139184210170(2)155112202199181146226230(2)148149(2)128194166156(2)220229193(2)|(2)189176102(2)222204132173(2)233215157180(2)130159127(2)172163219(2)200247224145197(2)109162227190(2)206(2)
(2)194202140132176(2)167151195213(2)|(2)237239187242216197126(2)150180191182(2)136183163208138178164(2)166135209117243114165193(2)214169238230(2)148133188(2)223221121145106(2)244137245222229(2)158224192174(2)155161143102204(2)210236104103(2)247175108219(2)119173234115201(2)205212241249246177228112233186(2)|(2)130168184(2)118171109(2)|(2)142153215107(2)198189220227181(2)157185200(2)211139172232(2)120250152217(2)156154124127199128(2)141218122111(2)110116101235207(2)129190231203(2)225105226(2)162134(2)|(2)131146149123(2)125144147(2)170179240(2)248160113196(2)159(2)206(2)
(2)222206(2)146170239199117216(2)228172248(2)133184229183(2)231219182246(2)150227190171157(2)|(2)234230204165201(2)140109151175203(2)247225101136143128(2)152156161188(2)180149(2)134235153114(2)191181166164131(2)187205110194224200(2)155106244168(2)189210144218163(2)193116159(2)142147160127167202(2)178123145221(2)192240186121130(2)105198237177196241104217(2)124111215236(2)211174245249137(2)138233185214103120208132(2)|(2)112179126154113(2)197238102243(2)223176125158(2)122212232169(2)207108195119(2)|(2)209148118135(2)|(2)129107115173213(2)242250220139(2)226162141(2)
(2)114103109246102209(2)154206(2)191159(2)148190203174(2)132244153126242(2)151218104179170171(2)122230166175146(2)139123224134(2)163187200199147184(2)127169137193(2)101205173227144(2)198248165124185(2)233207125186167155217(2)232210211249245105(2)208131180145204116237(2)201161236142119(2)120135150228213(2)|(2)178222130(2)214164197183138223(2)194219(2)231215160192(2)|(2)112121136196162(2)243241212195(2)158157143129(2)107225239156(2)250229111(2)141234181220(2)118140152(2)113235133240110(2)128202172168(2)247115176108216(2)|(2)226106149(2)189238117182(2)|(2)221177188(2)
(3)233218242163203(3)129235169190(3)162238(3)133177193161107117(3)126134164122(3)|(3)144206170(3)231140125185152(3)213226139115(3)156197158250(3)189195244110(3)222103247187137(3)199245112119159(3)132212135221173(3)|(3)143184127108(3)121109111(3)207166124181186188(3)239142240241219(3)230223176153154(3)209216179130201(3)249227149128(3)210215198204(3)|(3)208205145174101155(3)123202228224157(3)|(3)165214148191(3)102217229243114237(3)211146113180106(3)183120178220(3)236248131(3)175136104151116232(3)160182225(3)192167246105150(3)234141172(3)147194(3)200168(3)118196138171(3)
(1)147122241135172211(1)214204111107190(1)|(1)191232194(1)168219(1)202132178200230(1)134124171233170(1)177151164206(1)163162224207166(1)142126154155231(1)242106156212181(1)228243226115198144137(1)136235175203205(1)157127(1)158110125195(1)238112129225(1)247120141237(1)|(1)114167138250152165(1)101187227192(1)240174236245186(1)131183189199234(1)221150249(1)|(1)148244103143(1)113161213169(1)208216102180117(1)105188(1)139119229185(1)159145201108(1)220209133116128(1)193109149(1)140215217246(1)|(1)118130123(1)173197176222239(1)153196146121104(1)218182160223210184(1)248179(1)
(2)157131188173(2)232190133164108(2)137202186134163140(2)127177116120(2)|(2)174203208(2)197220121117(2)185180212155122209(2)165138136181238(2)161243146216230126217112(2)228125246218241236(2)168237192(2)194129175124(2)|(2)229198219183(2)214153200193115(2)152130111239(2)|(2)234189135245207(2)231191169(2)114144225105(2)242176160156222(2)233227172199187(2)106107150(2)206(2)166179204113(2)101235223104139(2)196195158142(2)244167147184201(2)205248162145(2)178240210182(2)170148(2)109123143(2)247213154211(2)151103171149(2)215118128(2)132221224226(2)|(2)110141249119(2)102159(2)250(2)
(3)185227212184(3)|(3)221198155179135146(3)167190188(3)216105211112144(3)129191107239(3)171213102(3)126208242220176(3)124138194202218173(3)181153214238(3)180115215(3)210108240197(3)141175237162(3)117245231217148(3)111101127(3)|(3)139119131205142250(3)150226193249154(3)|(3)219114177158(3)246189156232243125244(3)233222174121(3)183229(3)223228230209118128(3)204163236(3)224206(3)201116137(3)157247241145172199130(3)|(3)248200187165(3)195203234182(3)160151136122109103(3)225164143120110(3)159106192(3)140133149196(3)104132170207152166(3)178123113235186(3)161168169147(3)134(3)
(3)213126134244243(3)193227132196222(3)245247155200235113140(3)208178195176114(3)109187228242217158(3)119121106143(3)|(3)152179237125128(3)122108177156186103250(3)194238(3)130163105(3)223159(3)|(3)102141190(3)151160219137(3)104183232157(3)|(3)197225147220(3)154162174(3)209218210199142229(3)129116146101(3)184241216164127(3)211118(3)107205145161124188(3)169117181233(3)201239224133171226(3)120123173175(3)192246207198131166170249(3)148234185214138(3)150240202(3)182230203180144(3)231110248(3)149111(3)115206136167(3)|(3)215172212(3)189135165221112236(3)204191(3)153139168(3)
(1)174182231161145(1)238232221165(1)195207154216(1)204131123186215(1)194212134(1)208179106(1)119196117224132(1)201197245175171121(1)241158210141230(1)130138217148(1)149164101(1)176144170189178(1)122225124146229136(1)|(1)143108249159(1)203120200104128(1)|(1)214185223137111226(1)109211103(1)126166172242160(1)129239213240112151(1)115102220133(1)181248198(1)250135234192(1)105188227(1)177180140167110209237(1)113173156114139142(1)183184187147247218(1)191244205(1)228206190(1)157116168243(1)|(1)219169107(1)127152125153(1)235155163202233(1)|(1)199118162(1)193222236246150(1)
(2)145101150219(2)131236197177185215138(2)189198194(2)234175179217(2)|(2)152108242221218(2)133212160225199(2)216244208240(2)228245209237204165113222(2)187129121123156(2)249174176181111(2)163214146192195(2)223114238170239186(2)180171117201193128203(2)148135226112202190(2)102153(2)126246184103155232213(2)158120116107(2)159196233110(2)104144149132(2)|(2)130205161109157200(2)151230241169164182(2)191229207106(2)|(2)206178(2)162173166142167(2)105168137(2)183118127(2)243122172154143(2)136235125134(2)119140247224(2)141231147(2)|(2)248250210(2)188227220(2)115124211139(2)
(3)211185179109(3)164124224226240(3)160127232225(3)104169141200(3)176218229198145150(3)206234207(3)120193126103128247(3)|(3)140154199194(3)113196102121173(3)166107212132178228(3)138248190183(3)186163152187175174(3)201180157249(3)239133170139182205151(3)177119223210227(3)222181195214246(3)168242221(3)|(3)116106105122(3)110118241202(3)189192231(3)101143172146(3)|(3)125220161209134(3)158131148162(3)|(3)184123165155243(3)245159203197(3)136147237217149(3)204219213(3)153167235111(3)114215188(3)238129135208250(3)115216144142130(3)244156117112108171(3)236137191(3)233230(3)
(1)181134162151164(1)240137221(1)216196192125202(1)188159(1)|(1)122140211190233(1)170145157115173(1)116238147(1)163187220205213124101(1)230117121167132(1)|(1)105172127246161(1)146183178171112179(1)198203103104131247109(1)227126197102(1)177152204243234(1)185210154236133(1)|(1)200194144106(1)153217138142237114(1)139245218225219(1)143241113229182(1)169201250136207232156(1)141214235212(1)|(1)180148224(1)155160239208191(1)135189199128223242123(1)175118165(1)195231193(1)222249110130174111(1)184158186119(1)108226168209(1)149244(1)228120176150107(1)129248(1)215166(1)206(1)
(2)226152196219(2)|(2)172174157237(2)122178104209233205(2)192245231144158(2)186232119140131109138(2)189105121127(2)244179116182(2)169183177111(2)146102162193108(2)241201225216221207(2)242118123(2)101199188(2)236224139155135170(2)110113154112194(2)|(2)210107106185171(2)220103133214246(2)206203(2)|(2)228163149130(2)180132176166215(2)204153198136145(2)126161212142227(2)160218175250114164(2)243151134128(2)181150190249229211(2)156200159(2)222148(2)129143168173(2)202235184239217(2)125141223137124147(2)120238247208(2)167115213197230(2)234195240(2)|(2)248117187(2)165191(2)
(2)136146170198164244(2)133192174226(2)216202210109(2)|(2)246129213141229112(2)231162208197(2)171217128135187224(2)242249140185102126(2)195121111(2)101110196138113120(2)107237131230222161183(2)158108155142245169(2)203139193184(2)221105106104(2)211147154179(2)227191205181144(2)214201130122149(2)236172103241(2)148199176(2)|(2)137145207186(2)123219173124(2)240159(2)115234238(2)190200194243218(2)|(2)119116215209228(2)180188153(2)248177178(2)|(2)156189247163150(2)204127160166239(2)165220143125(2)167250175225132(2)232206(2)157168182114(2)117233151152(2)118134223(2)212235(2)
(1)163231189107161(1)142225219223(1)114133172179(1)146212209169153131(1)149113102(1)|(1)154195103(1)|(1)197135211175165155140(1)137193162204(1)243181192134213120(1)139180127210(1)236109177216(1)145157116143110199241(1)168108167104218(1)208118230129(1)214176244106(1)242249238144205(1)166248117(1)183164229171200(1)|(1)234174112228185123(1)141198247132151215(1)224125148128(1)191188(1)182221126160(1)101105233245178(1)122152186203115(1)222232246235190239(1)194121158(1)196119170226130237(1)|(1)207187217150240173136(1)227250111202(1)206147(1)156184138220201(1)159124(1)
(3)176207155161189222(3)229247227177197103(3)135147185201203217106172(3)224165208102(3)231110241136141180(3)144112230167127205171(3)101160143179(3)218111228246140234145(3)173200170237194(3)154232210186164(3)142132113116151(3)|(3)248187213114209(3)202121150109(3)226162240138(3)199196204107(3)242215191181(3)105225(3)239134120214(3)122249250178129(3)223123168(3)219235(3)190133124128130211(3)126233216183(3)244221125(3)117206(3)192220166137(3)139174153(3)198131195115158(3)|(3)156152157243236(3)|(3)108245146175(3)188148(3)104184169212(3)238159(3)193182163(3)119149(3)|(3)118(3)
(1)231170171110145138247132(1)217123148(1)131203222183(1)143168204(1)195102157(1)150122158167164(1)201151211113220(1)218223196149181(1)133219161230(1)114241226215152(1)147128124154112232(1)163192243177225139(1)134246126129172(1)180135234144115(1)125198200103175224(1)|(1)249146166184236(1)162233178189187(1)185240242153108(1)137118176(1)229197119136207(1)120140121193(1)|(1)105221107(1)159160199213(1)244117191(1)208104248(1)127235228155101(1)238209188(1)|(1)109169156239165(1)202210141173(1)245237142214116106130(1)206(1)250227190212(1)|(1)194179(1)186174216182205111(1)
(1)199129137111143(1)195131180101167(1)154215133126(1)|(1)194192104169(1)162188166(1)130135181132113148236(1)187168234(1)246175170(1)239197134122(1)119177176150198(1)221193102(1)235117(1)233155232243144103(1)159189174136(1)203184240231(1)|(1)250115116178(1)151244182179(1)186216106226(1)163237242210105(1)249208217223228222172(1)173213204145140(1)207185112118(1)141201153160(1)191114241156(1)152121127(1)214205229227190(1)139109202(1)149165157(1)245230107248(1)158147138212(1)110120124146211(1)218220206(1)123164142(1)|(1)196183161247108(1)225238224(1)|(1)125219128171209(1)200(1)
(2)178119176242139(2)101213126199140(2)177245164221200150(2)106180112229185(2)227244108120(2)|(2)219169123(2)115211162174(2)209154124187203135165(2)170215131147153(2)125155247128220(2)107175122(2)237249114173235136(2)223102103239194(2)179133218193205230(2)129196159130(2)238246212201160(2)202117190222(2)|(2)189224118171(2)141188(2)234182216163217241(2)233210105(2)236186158111(2)|(2)183138243191(2)240134204(2)208149228181214(2)167192151145207156232(2)146143157166(2)226116172104132(2)152161184198121(2)197250195(2)142248(2)113137110225144(2)231109148(2)127168(2)|(2)206(2)
(2)108220183199(2)178208111217137(2)210240160202203(2)196117237105(2)175131226209174(2)225188173186(2)204165219135(2)241120189238(2)119185206(2)104187145156232162247(2)127242151144(2)107153194(2)193168229214(2)227125205222231(2)198109170141218(2)114123221136126(2)245184129212161(2)201150236211147(2)122121249155158(2)|(2)228154112230110116(2)|(2)239197200166215(2)171177146233(2)248244190(2)|(2)223172224176250(2)216103124169101(2)143148213130163(2)132142115159(2)140246106164157(2)|(2)195191128(2)179243167133182207(2)102113134234(2)138152180181(2)149192139(2)118235(2)
(1)242119226189126(1)244156216103218151(1)|(1)137167220234(1)208191157(1)161134(1)163196175125173(1)135232183104192197187112(1)162159180(1)223105176231(1)|(1)108178143215(1)249115198202213(1)186174107122203(1)166238205110(1)158130109230239201(1)114227168(1)199236146250209222245(1)136224247200182129(1)113181246217235184(1)|(1)204101148131(1)221164117140177(1)141120124211(1)225240172214(1)212142149(1)188(1)128210206(1)243229185193145139228138(1)155150195(1)132170102133153(1)152241248165(1)121123147(1)219169160(1)190111207179(1)116106118(1)|(1)233171144154237(1)194127(1)
(1)155229136128234142(1)104130165236(1)204227188(1)107250216196117(1)106129148(1)221249212(1)247124191183(1)103186233125134207(1)163140181231145112143(1)121166137170(1)184197157230(1)154200138105(1)164205206(1)239113132244235232(1)|(1)147192195225(1)168114228(1)179246115245213151(1)180159218224(1)167110160123217198177(1)189122202215(1)101222158(1)182219220(1)|(1)149162(1)240214133223(1)173119109201(1)|(1)126169199226150(1)144135171185120108(1)175243141131116(1)146209210193127152(1)|(1)194174161(1)139156111187242(1)153211241203178(1)190238208176237(1)118(1)248102(1)172(1)
(2)154248185(2)174197167247170(2)126222131192232207(2)172227246242205115112(2)|(2)237144147110224182(2)244226215164(2)209236134175(2)156239223238230(2)108165221243(2)169206201(2)229161190123(2)102191208(2)188153183(2)119116105(2)138225214122135186163245(2)178128148171130(2)231195109113(2)|(2)233162177101193(2)127149104(2)136204217220250(2)133158103179(2)125210120145(2)166241173176117(2)124132129151198235(2)|(2)141106202219(2)143218228107189140249(2)146181203157234142(2)152137121160(2)180211213240(2)155196159199(2)111118(2)|(2)212200139216(2)150187184(2)168114194(2)
(1)152236204136(1)122111127228223(1)103208129135232151229(1)172195173(1)121186202146133226(1)|(1)166248157(1)184185130187116245181(1)218224167117215246(1)162155113(1)191175134(1)|(1)153240244140(1)216193124141(1)125107209148205(1)132217231198247243180(1)250182238147(1)161174206(1)137211190108237142(1)188169227(1)149171178164(1)119143242150222(1)144196123115(1)210159(1)194110128176(1)120109213(1)207192106158(1)154177131221220(1)200101112234201165(1)160118170(1)241214145138179104114199(1)239197203230249233(1)105212219(1)|(1)189235168(1)|(1)163225183102(1)139126156(1)
(1)202191175(1)210119137214(1)102167178234(1)|(1)242239115201172216(1)162208246198215199(1)236230225108(1)138229217182189(1)143122(1)228148196220(1)150131149(1)184171209190144146(1)158130153177(1)226103227241(1)|(1)113145132179156152(1)194170195136(1)142222123154(1)126212165164129(1)183192207231173(1)223186109104174(1)203111235106185(1)|(1)163240248(1)247121213141114(1)110243233117169(1)157244134(1)125221147161232(1)|(1)205218120211(1)197135249140204116(1)112128105188181(1)245133176166180224(1)168107(1)250200187159(1)139206237(1)124160101151(1)219118(1)155238127193(1)
